2 26 28 5 14 33 17 24 23 35 36 44 39 29 8 40 48 16 32 30 42 41 49 20 45 50 10 38 27 21 12 25 43 3 4 46 15 34 31 13 18 6 22 11 1 47 9 7 19 37 
32 9 43 21 29 23 31 5 33 10 50 34 26 11 41 17 47 2 39 13 36 12 37 14 30 19 28 25 35 20 38 22 46 18 40 4 44 3 42 6 49 1 24 27 7 15 16 48 8 45 
47 2 27 4 1 14 41 24 35 13 36 8 33 11 50 23 44 3 31 25 32 19 46 26 28 6 43 17 39 15 49 21 40 12 38 18 37 20 48 9 34 5 29 22 30 7 42 10 45 16 
50 36 43 23 22 35 5 12 44 33 1 26 45 37 46 39 49 3 25 15 17 13 31 8 4 32 7 42 20 30 38 21 29 11 19 9 27 41 40 47 2 14 48 6 16 34 10 24 28 18 
19 42 21 32 40 15 30 34 50 25 28 43 7 14 2 39 33 18 9 45 1 6 27 11 20 17 4 24 12 22 48 36 3 44 46 29 26 35 5 8 13 16 38 41 23 49 47 37 31 10 
16 14 15 4 5 6 10 11 9 2 1 13 7 3 8 12 
21 5 27 15 9 46 32 43 11 31 20 23 12 29 40 7 44 26 39 8 17 14 30 28 1 42 41 47 13 33 25 34 16 6 37 10 18 38 24 22 48 45 35 2 19 36 49 50 3 4 
12 39 20 10 28 6 26 38 11 48 40 22 45 18 9 3 13 15 7 21 1 25 42 32 8 44 27 31 43 5 29 16 36 14 34 23 49 17 19 33 24 41 46 35 30 47 2 50 37 4 
30 2 1 3 4 5 6 7 8 9 10 11 12 13 14 15 16 17 18 19 20 21 22 23 24 25 26 27 28 29 
46 48 38 21 11 16 5 17 24 23 47 36 49 37 41 22 26 20 3 4 1 10 14 12 9 25 32 28 35 29 44 33 40 13 15 6 7 2 18 8 39 30 50 43 45 31 42 19 34 27 
2 1 4 3 7 6 5 8 
15 4 5 36 28 42 3 27 18 45 38 20 9 47 49 17 10 37 34 29 8 35 16 21 19 13 11 33 32 23 2 26 46 25 12 14 7 43 44 40 24 6 50 31 1 41 22 39 48 30 
7 47 8 36 22 20 15 31 5 45 6 32 2 25 30 42 44 10 18 24 46 35 4 26 13 14 41 39 9 19 27 12 1 34 28 17 48 37 49 21 23 29 50 11 40 43 38 3 33 16 
43 40 21 13 5 28 46 48 29 12 2 36 25 44 45 50 14 6 22 34 38 4 37 47 20 18 8 35 31 7 17 23 49 41 42 9 1 15 24 3 27 30 26 32 16 10 19 11 33 39 
32 9 38 18 47 42 41 14 19 1 24 35 33 37 36 4 2 43 13 27 44 3 8 45 48 21 34 17 20 22 10 30 23 31 49 6 50 7 28 25 11 16 26 15 5 12 46 39 40 29 
7 14 23 45 39 50 25 18 20 41 13 17 42 19 9 34 30 5 22 12 48 40 31 15 3 4 28 37 44 1 21 46 26 10 43 38 36 2 6 27 11 33 8 32 24 29 47 49 16 35 
11 21 46 2 32 3 27 36 7 50 33 18 10 25 19 41 48 20 22 5 43 24 4 42 9 38 26 49 28 39 29 47 6 23 16 35 44 37 14 34 13 12 30 1 15 8 40 31 17 45 
30 29 28 24 25 26 27 3 2 1 48 4 5 6 47 7 8 12 13 14 9 10 11 19 18 17 16 20 21 22 15 23 31 38 37 36 32 33 34 35 43 42 41 40 44 45 46 39 
3 5 2 6 1 4 
4 26 25 42 49 43 22 29 18 13 40 1 30 8 37 10 36 15 28 48 9 38 21 2 35 3 45 27 50 11 17 32 39 12 33 31 6 47 20 23 34 5 14 16 41 24 7 44 19 46 
30 38 15 22 8 39 7 19 42 31 9 14 3 26 44 1 33 6 18 13 50 49 36 17 37 48 45 11 28 35 5 12 10 46 16 43 40 23 2 41 47 21 25 32 29 24 34 20 27 4 
28 19 36 18 4 10 16 3 42 29 14 15 31 25 7 30 39 1 41 21 40 22 13 11 8 37 27 20 38 26 5 23 24 12 2 44 9 33 35 17 32 6 34 43 
1 2 3 4 5 6 7 8 9 10 11 12 13 14 15 16 17 18 19 20 21 22 23 24 25 26 27 28 29 30 31 32 33 34 35 36 37 38 39 40 41 42 43 44 45 46 47 48 49 50 
23 10 5 25 2 15 6 12 21 22 18 20 14 13 17 4 1 7 24 26 9 19 11 8 3 16 
19 9 7 16 8 4 11 5 13 12 10 6 15 3 1 20 18 2 17 14 
37 15 26 40 1 8 38 45 42 5 13 25 18 19 35 17 46 4 36 32 47 16 20 28 10 12 50 2 21 24 23 49 29 6 41 31 30 34 14 43 3 7 48 22 11 39 27 33 44 9 
28 10 46 15 44 16 4 41 34 37 21 42 27 30 35 50 24 20 7 45 32 3 40 13 2 19 39 22 1 29 11 38 23 17 14 25 33 31 12 47 43 8 5 49 48 9 6 26 18 36 
38 35 14 13 17 26 15 29 8 7 10 42 23 32 34 25 43 45 21 1 49 16 41 6 18 5 47 48 2 33 12 19 37 44 46 28 9 27 39 24 20 40 4 22 36 30 31 11 3 50 
25 36 4 23 42 8 37 11 34 3 2 41 13 32 35 48 50 15 30 21 44 6 31 45 14 33 28 12 49 17 26 38 5 7 29 10 1 18 24 19 40 39 16 43 20 22 47 9 46 27 
31 2 1 6 10 15 21 14 7 23 8 11 16 30 28 13 9 17 22 12 38 24 20 27 18 25 29 33 19 43 32 26 44 35 34 40 48 37 45 3 4 36 46 41 39 47 42 49 50 5 
16 7 14 9 31 21 6 10 18 20 24 27 34 11 50 13 8 35 38 22 41 28 48 17 1 4 29 5 19 15 26 37 23 46 43 25 44 33 47 30 36 49 45 12 3 32 40 42 2 39 
5 3 2 1 4 6 7 8 9 10 29 28 25 26 27 35 11 22 43 42 41 40 37 36 33 32 31 19 30 38 39 34 15 16 13 12 14 18 17 20 21 24 23 44 45 48 47 46 
40 6 48 20 35 10 43 42 32 5 14 3 45 33 17 11 18 19 24 21 46 2 15 47 9 44 13 34 39 25 16 38 49 7 37 36 8 31 28 23 27 22 29 12 41 26 30 1 4 50 
10 23 13 35 20 4 44 17 21 18 50 34 49 26 6 47 14 27 32 29 11 38 9 19 30 15 28 3 5 46 24 12 37 2 41 1 16 43 7 39 45 8 48 36 42 22 25 33 40 31 
6 25 15 32 29 4 8 42 1 30 49 37 18 33 9 23 24 26 41 50 7 16 47 13 40 43 19 44 22 10 31 46 20 45 3 2 12 27 5 17 38 14 34 11 39 35 36 48 28 21 
34 33 37 36 40 39 38 14 30 22 27 35 11 19 6 43 44 48 47 42 41 45 46 3 2 1 5 4 8 7 9 10 15 16 12 13 17 21 20 24 23 29 25 26 31 32 28 18 
17 35 16 23 21 44 45 18 34 25 22 32 43 36 27 19 48 20 31 26 41 50 40 29 33 37 30 24 38 28 39 46 42 49 47 1 14 10 3 4 9 6 7 8 15 11 5 12 13 2 
10 9 8 1 2 3 4 5 7 6 11 12 13 14 15 17 16 18 19 21 22 23 24 30 29 27 26 28 25 20 
34 41 46 6 21 9 28 39 27 18 24 22 32 50 38 10 1 4 29 36 35 12 13 3 48 43 30 25 11 16 40 44 47 2 8 15 31 45 42 23 20 19 37 26 33 5 7 17 49 14 
37 32 38 17 45 30 20 35 6 24 14 50 21 7 36 46 47 9 11 4 1 3 40 39 44 15 16 43 23 27 8 48 5 2 13 22 34 29 25 28 19 18 33 41 31 49 10 26 42 12 
15 45 26 7 8 5 28 11 41 46 43 50 19 20 1 12 2 14 49 6 3 22 31 10 16 13 38 9 32 25 17 44 37 40 33 34 23 30 18 35 24 21 36 29 48 39 27 42 4 47 
10 43 8 28 23 31 17 5 49 15 4 24 30 33 3 21 47 34 44 40 7 19 14 11 6 1 22 29 45 39 25 27 13 41 26 37 46 20 16 48 9 36 35 18 50 32 42 38 12 2 
5 40 18 23 21 6 45 2 7 47 42 50 43 34 25 19 27 38 30 22 31 10 48 15 20 1 28 17 33 29 9 14 11 35 26 3 36 46 24 12 8 49 4 44 41 39 16 13 32 37 
9 4 6 2 1 5 8 10 7 3 
34 31 32 19 11 12 28 21 22 23 26 24 25 27 29 30 1 2 3 42 41 43 17 13 14 44 45 46 5 4 6 48 47 49 20 15 16 40 33 35 18 37 36 38 10 7 8 39 50 9 
25 31 18 24 8 6 15 42 16 29 41 12 9 2 10 17 35 23 46 47 45 33 19 39 14 1 22 20 44 3 26 27 34 13 4 21 28 43 50 32 30 37 40 38 49 5 11 7 36 48 
48 35 14 26 9 18 50 29 22 8 36 6 10 49 45 42 4 39 20 19 1 23 11 37 12 40 17 13 3 41 44 31 7 24 16 2 46 30 5 25 34 15 47 27 38 33 32 43 28 21 
2 32 37 48 50 49 44 26 20 23 30 1 8 46 38 3 35 11 27 24 4 19 34 43 33 10 5 29 42 6 45 9 7 36 41 47 25 31 28 21 40 39 15 14 13 12 16 17 18 22 
2 4 43 16 5 49 50 15 24 39 35 6 20 3 9 18 33 13 32 11 12 30 44 28 14 17 48 25 47 37 42 26 38 27 40 1 21 34 22 23 41 29 19 8 45 7 36 46 31 10 
14 20 19 43 1 4 11 38 12 29 45 16 26 41 49 32 39 27 25 22 46 6 40 5 7 10 35 37 31 36 48 30 44 28 3 47 13 8 42 17 2 21 15 18 9 23 34 24 50 33 
31 10 27 7 5 45 32 18 17 33 44 28 22 8 26 23 24 13 11 39 9 40 3 47 46 2 6 20 42 19 29 41 15 25 49 21 4 48 37 30 34 16 1 43 50 14 38 35 12 36 
30 2 32 37 35 3 31 10 6 14 39 21 20 48 50 4 24 9 27 12 45 5 8 28 36 1 15 23 16 29 34 22 41 17 46 11 19 18 42 44 43 33 7 25 38 47 40 49 13 26 
28 6 27 34 37 40 7 23 41 18 20 24 8 19 11 5 31 43 21 47 2 32 15 4 36 39 25 48 46 35 29 3 50 30 10 12 17 26 14 1 22 49 44 33 45 16 42 38 13 9 
4 8 2 12 19 10 14 20 6 7 1 5 13 3 21 9 16 17 15 11 18 22 
34 33 37 36 40 39 38 22 27 35 30 19 11 6 14 43 42 41 45 44 48 47 46 3 2 1 5 4 8 10 9 13 12 16 15 18 17 21 20 24 23 26 25 29 28 32 31 7 
38 33 25 34 39 30 8 27 19 22 20 6 15 17 18 4 13 10 23 45 32 36 44 48 41 46 26 47 11 9 1 35 7 28 14 21 29 2 24 43 40 12 5 42 49 16 31 50 37 3 
3 1 2 4 
10 6 7 1 2 8 4 5 9 3 
31 30 29 23 20 19 13 10 9 3 2 1 6 7 8 4 5 11 16 12 15 14 18 17 21 22 26 27 28 24 25 32 36 37 38 34 33 39 40 41 42 43 49 50 45 44 48 47 46 35 
5 44 21 27 14 15 13 34 28 1 9 17 23 8 7 37 46 24 3 43 12 6 18 29 22 25 20 36 30 45 4 48 38 31 16 10 39 11 42 33 2 32 50 49 19 47 41 35 26 40 
29 26 34 2 5 17 4 20 11 35 23 15 10 32 21 13 3 31 1 45 7 12 25 8 42 36 33 46 18 9 48 37 27 16 38 39 19 50 49 22 28 24 41 40 47 43 14 44 6 30 
1 5 2 26 33 28 4 3 6 30 29 35 11 7 8 32 37 34 10 13 12 36 27 31 9 20 44 47 17 19 18 42 45 40 16 25 15 39 48 24 22 46 41 43 21 23 14 38 50 49 
49 23 40 13 6 4 26 8 24 17 41 43 5 9 34 15 44 48 27 29 47 21 31 7 33 16 42 12 30 11 20 45 14 32 39 3 22 2 10 28 36 35 1 18 38 46 50 25 37 19 
3 1 2 4 
33 14 47 21 23 46 35 36 11 12 17 45 28 49 5 34 39 7 41 29 19 3 50 20 32 13 30 8 2 18 42 9 1 26 43 4 31 40 25 38 15 10 6 48 44 16 37 22 24 27 
45 44 43 42 41 40 39 38 37 21 20 19 18 17 16 15 14 13 12 11 10 9 8 7 6 5 4 3 2 1 32 31 30 29 28 27 36 35 34 33 26 25 24 23 22 48 49 46 47 50 
29 33 8 37 40 10 2 39 25 17 15 4 3 11 32 35 5 28 12 7 38 36 30 27 14 23 22 9 31 18 26 34 1 24 20 21 19 13 6 16 
1 3 5 2 4 6 7 9 11 8 10 12 13 15 17 14 16 18 19 21 23 20 22 24 25 27 29 26 28 30 31 33 35 32 34 36 37 39 41 38 40 42 43 45 47 44 46 48 49 50 
5 43 21 4 6 12 14 41 22 29 7 32 24 47 1 38 35 25 26 27 16 28 45 18 15 9 11 40 3 34 46 39 33 50 13 44 23 30 49 42 17 36 8 31 37 20 2 19 10 48 
29 12 3 4 2 16 5 20 7 6 27 9 14 19 26 43 1 8 11 13 25 24 28 18 32 10 15 22 17 31 34 46 23 30 21 33 50 35 49 36 42 37 39 41 38 45 47 44 40 48 
4 5 2 7 10 3 8 6 1 9 
4 3 2 27 28 9 5 6 7 8 12 11 10 50 25 21 1 24 23 22 14 13 17 15 16 20 19 18 26 33 29 30 31 32 36 35 34 41 37 38 39 40 44 43 42 49 45 46 47 48 
20 4 18 22 14 47 17 28 38 23 9 33 11 49 2 26 1 44 48 35 43 13 7 40 3 21 15 30 25 37 16 24 19 42 41 8 10 29 46 36 31 12 32 45 27 39 5 50 34 6 
36 40 39 38 19 6 27 22 35 46 14 30 43 42 41 45 44 48 1 5 4 8 7 2 3 11 10 9 13 12 16 15 47 17 21 20 24 23 26 25 29 28 32 31 18 34 33 37 
6 18 2 9 4 3 5 8 14 10 13 7 17 16 11 1 12 15 
7 20 12 18 24 9 6 16 19 25 2 1 28 11 5 21 8 27 17 4 3 26 10 13 14 22 15 23 
11 21 3 22 25 19 13 18 7 6 24 2 23 29 12 5 26 4 36 37 8 35 40 14 20 9 17 16 10 31 28 38 33 34 27 15 1 32 39 30 
28 6 38 15 18 9 35 32 21 31 23 37 49 16 14 20 8 39 47 3 26 42 44 4 5 29 46 7 30 43 17 33 48 40 1 34 50 41 12 11 2 25 45 13 22 27 19 36 10 24 
10 3 46 38 14 33 34 35 39 31 18 6 2 20 28 23 41 40 29 16 12 22 19 42 26 27 17 30 5 36 44 4 13 47 9 49 7 43 32 50 21 1 45 25 48 37 8 15 24 11 
27 6 43 50 4 11 16 15 36 33 23 35 40 45 18 10 20 29 22 25 31 42 30 39 1 9 12 14 8 3 24 37 21 13 38 32 2 41 44 49 46 19 28 34 5 7 17 26 47 48 
14 12 16 44 45 26 9 13 21 39 31 32 10 7 8 37 34 35 18 25 15 28 48 50 1 2 6 49 27 41 23 17 3 29 47 33 19 4 22 30 43 36 24 5 20 40 42 38 11 46 
29 9 24 49 1 30 50 19 15 2 28 37 3 35 13 10 14 26 20 27 16 17 45 34 32 8 42 47 36 21 5 31 39 6 40 4 7 41 48 18 38 44 33 25 22 23 46 12 43 11 
43 37 35 40 10 36 19 21 3 24 6 18 9 48 2 41 27 28 13 49 8 14 11 29 44 12 16 15 22 30 25 5 20 34 7 38 46 45 47 17 32 50 23 31 42 26 4 1 39 33 
34 10 22 13 50 19 25 41 31 35 18 5 15 27 42 3 16 1 28 33 32 4 45 37 40 11 47 38 39 8 9 6 44 17 29 14 2 20 48 23 26 46 12 24 49 36 43 21 30 7 
13 19 37 28 36 5 9 24 21 3 26 12 42 10 49 50 48 4 1 6 31 2 8 16 30 40 46 23 45 22 44 41 25 32 17 34 29 35 20 14 39 38 33 43 7 11 47 18 27 15 
30 1 26 13 20 23 10 21 16 27 12 15 18 19 4 11 6 9 8 29 14 3 2 25 28 7 22 17 24 5 
45 44 40 39 33 30 29 23 20 19 13 10 9 3 2 6 7 8 4 5 50 1 49 43 42 41 46 47 48 11 12 16 17 18 14 15 21 26 22 25 24 28 27 31 32 36 37 35 34 38 
28 5 31 1 14 27 11 22 37 8 43 40 4 13 23 48 3 26 17 38 47 49 21 6 19 16 39 20 42 18 10 25 33 44 50 29 15 32 2 41 45 34 24 9 12 35 46 30 36 7 
2 5 6 1 3 4 
12 14 34 36 18 50 5 10 9 27 38 6 2 22 32 7 20 46 28 26 15 37 4 16 40 17 31 42 39 45 23 8 30 29 44 1 11 24 33 13 43 3 35 49 25 47 19 48 41 21 
1 3 38 50 25 40 29 43 42 22 6 13 32 45 47 21 31 2 39 37 7 4 26 33 18 24 46 17 36 49 23 8 15 27 30 9 20 10 12 41 11 5 28 16 35 34 44 14 19 48 
24 21 14 20 19 6 29 5 9 8 27 22 7 25 13 11 15 2 3 1 12 30 28 23 31 10 26 4 32 17 16 18 
31 42 40 45 15 34 50 25 13 37 48 44 30 39 49 47 14 9 36 16 29 46 18 6 38 1 19 27 41 11 4 35 12 8 26 32 5 17 43 22 20 21 2 7 24 33 3 23 10 28 
3 2 1 5 4 7 8 6 
16 46 42 34 30 28 38 7 6 3 21 24 22 17 41 13 5 26 11 15 23 37 35 25 31 1 20 40 4 33 27 45 43 29 12 9 19 36 48 50 8 47 2 10 14 39 32 49 18 44 
1 39 3 24 32 7 2 35 44 5 29 16 14 20 30 49 43 8 46 19 4 26 12 31 18 37 21 45 27 6 11 50 38 28 15 25 42 22 23 34 47 17 40 36 13 41 48 9 33 10 
14 26 2 48 5 35 18 6 45 9 49 31 21 40 38 7 11 33 3 17 28 12 42 19 8 41 20 4 10 27 24 43 15 47 37 23 1 13 32 16 46 36 22 39 25 50 29 30 44 34 
5 1 23 4 30 14 11 2 46 20 31 37 32 33 13 21 50 9 45 8 40 10 28 26 19 42 48 12 24 36 15 29 43 25 3 6 39 34 44 41 17 7 18 27 38 35 16 22 49 47 
9 8 7 6 15 14 13 1 2 3 16 11 10 5 4 12 
2 10 9 4 7 3 8 5 6 1 
1 2 3 8 7 6 4 5 
8 6 4 3 7 2 1 5 10 9 
32 40 31 11 33 4 35 37 45 24 46 34 30 13 44 17 48 10 14 16 27 42 12 39 3 25 1 23 41 22 29 43 19 5 2 8 21 9 47 15 7 6 38 28 20 26 36 18 
9 36 4 6 38 22 46 12 23 13 43 26 1 37 2 40 3 24 49 11 20 18 21 33 34 8 15 35 32 44 39 45 5 16 7 41 42 28 19 31 48 17 25 50 14 10 47 27 30 29 
48 45 42 40 37 34 31 28 25 22 19 16 13 10 8 5 2 1 3 4 6 7 9 11 12 15 14 17 18 20 21 23 24 26 27 29 30 32 35 33 36 38 39 41 43 46 47 49 44 50 
49 50 41 25 16 24 33 46 3 28 27 34 5 10 23 37 14 18 31 38 29 42 9 44 43 13 7 12 20 1 21 26 6 15 30 39 4 2 17 35 36 19 47 8 11 45 48 40 22 32 
50 20 15 33 25 32 6 4 29 37 8 7 1 30 46 47 35 3 48 14 28 45 39 2 38 17 24 31 40 9 34 36 21 11 19 10 49 23 16 12 22 43 13 42 44 18 27 5 41 26 
17 22 14 11 34 3 31 9 4 35 30 12 28 47 50 21 5 39 24 13 10 38 8 25 15 32 46 33 2 43 27 1 36 16 23 48 6 20 19 41 37 44 29 49 40 26 45 7 42 18 
10 5 12 15 4 1 9 20 18 17 11 6 8 21 19 22 2 3 7 13 14 16 
42 44 48 43 50 49 46 47 41 45 20 18 14 19 12 17 16 15 13 11 30 10 8 9 5 7 2 3 4 6 1 21 27 24 26 29 23 28 25 22 35 34 37 31 38 33 40 32 36 39 
1 6 3 2 4 5 
10 9 12 13 16 15 14 6 11 19 18 17 20 21 24 23 22 3 2 1 4 5 8 7 
11 41 45 44 4 20 5 39 6 48 37 50 49 43 27 46 25 32 33 23 40 38 12 15 28 35 10 31 34 29 19 36 21 17 13 24 42 30 47 14 22 26 3 2 8 9 7 1 18 16 
26 50 34 49 31 28 46 43 41 32 15 20 14 9 23 12 18 48 36 37 42 38 29 27 40 30 47 35 33 24 11 22 21 10 16 4 17 6 13 8 7 19 5 25 1 2 3 45 39 44 
11 16 35 44 7 33 8 46 6 27 18 47 20 28 12 49 3 5 1 48 19 26 42 9 50 45 23 30 2 13 21 43 38 31 14 22 25 10 29 32 39 24 15 37 40 17 36 41 34 4 
49 16 36 22 26 35 34 24 37 3 8 41 10 39 17 13 45 12 25 44 30 47 43 4 46 48 20 1 28 15 32 18 7 31 27 19 2 40 11 50 42 9 33 23 14 38 29 5 6 21 
16 7 13 18 5 4 3 11 17 10 12 20 19 9 1 15 14 6 8 2 
2 1 24 33 8 7 37 6 11 14 18 19 27 43 35 32 31 44 23 40 38 41 13 42 3 45 17 22 47 20 9 26 5 29 28 48 21 10 25 39 4 12 16 15 30 36 46 34 
32 27 7 38 26 18 49 13 46 20 30 47 34 48 44 6 41 5 23 16 11 39 25 4 24 40 12 33 3 14 15 22 19 21 28 35 8 37 29 9 31 50 42 45 17 43 36 2 1 10 
16 30 10 23 35 24 7 27 13 41 12 8 22 43 14 42 49 15 18 36 2 44 11 28 45 25 50 4 31 5 48 47 21 19 33 20 29 37 32 26 9 38 1 40 6 3 17 39 46 34 
3 28 5 37 19 4 15 50 27 14 41 30 33 36 20 7 32 49 2 38 44 10 13 16 11 26 42 17 48 40 21 46 1 8 24 18 9 22 47 45 25 35 12 6 43 39 34 23 29 31 
27 8 25 1 4 5 16 2 11 7 9 31 35 10 6 33 12 26 19 17 14 20 37 15 18 21 23 28 39 24 36 13 32 3 29 22 30 34 38 40 
32 25 30 9 4 13 48 8 37 34 26 49 6 16 11 19 24 50 27 23 44 42 21 18 22 3 40 10 5 47 46 12 33 7 35 38 43 31 1 28 36 14 17 2 39 45 15 41 20 29 
45 10 25 23 38 8 2 13 40 47 3 20 37 24 32 15 16 14 44 5 11 30 41 9 7 49 35 34 26 12 22 48 17 43 33 4 19 50 1 36 31 6 21 29 39 18 46 27 28 42 
43 40 21 13 5 28 46 48 29 12 2 36 25 44 45 50 14 6 22 34 38 4 37 47 20 18 8 35 31 7 17 23 49 41 42 9 1 15 24 3 27 30 26 32 16 10 19 11 33 39 
42 40 22 1 3 41 20 38 28 23 49 29 32 30 8 25 39 47 6 44 14 27 21 7 2 48 50 33 9 15 46 10 34 37 17 45 4 36 12 35 5 13 18 16 26 11 19 31 24 43 
34 26 38 9 44 16 23 8 14 35 48 6 41 36 39 24 15 4 11 21 17 3 31 40 37 7 18 19 30 25 45 10 46 28 13 33 5 47 43 1 12 20 50 22 42 2 29 27 49 32 
34 35 36 37 17 33 9 29 13 25 5 21 41 45 44 43 42 46 47 48 1 2 3 4 6 7 8 12 11 10 14 15 16 18 19 20 22 23 24 28 27 26 30 31 32 38 39 40 
39 15 1 31 44 22 20 36 18 17 21 48 10 41 6 16 35 46 19 2 3 32 43 14 12 13 50 45 33 23 24 26 9 38 5 27 40 4 30 49 47 25 29 37 7 42 11 34 28 8 
24 31 23 21 32 20 12 16 38 48 4 2 36 43 22 14 10 27 49 47 15 41 3 11 30 9 1 45 40 18 28 19 34 46 29 6 33 13 5 50 7 26 44 25 8 35 39 42 17 37 
40 45 37 18 35 41 6 20 24 15 4 28 13 2 46 22 25 30 1 3 23 39 7 21 47 48 12 19 14 8 50 16 42 33 17 5 26 11 44 31 38 32 34 43 36 9 27 10 49 29 
35 9 40 4 29 34 39 19 13 3 8 10 21 36 14 28 46 37 44 43 5 41 31 42 18 15 11 26 45 16 2 6 49 48 27 12 30 24 17 1 20 33 47 22 23 7 38 32 25 50 
50 42 11 27 48 18 32 12 39 17 36 47 9 38 5 7 20 30 25 45 19 4 16 46 2 26 22 15 41 31 1 37 21 34 33 8 28 24 29 3 35 43 49 23 14 10 6 44 40 13 
14 19 12 1 8 5 13 18 20 6 4 9 11 16 17 3 10 7 15 2 
2 1 50 49 48 3 4 5 26 25 24 23 27 28 29 6 7 8 30 31 32 9 10 11 33 34 35 12 13 14 36 37 38 15 16 17 39 40 41 18 19 20 42 43 44 21 45 46 47 22 
22 6 5 40 39 14 41 47 46 8 7 1 42 43 38 23 24 25 26 27 28 3 2 48 49 15 30 29 13 9 4 31 32 10 11 12 33 34 16 35 36 37 21 20 19 44 45 17 18 50 
46 15 21 20 50 27 7 11 13 30 22 24 37 31 43 2 17 28 23 38 39 35 9 8 34 32 29 5 6 42 3 44 41 40 1 25 19 26 47 4 49 14 33 18 10 36 48 45 16 12 
19 26 45 11 6 46 17 40 3 14 24 48 30 10 50 8 2 4 15 16 32 34 1 9 12 35 27 33 38 20 23 7 31 25 5 36 42 39 47 49 41 18 13 37 22 44 29 28 43 21 
3 9 11 37 29 30 6 13 4 28 31 27 1 7 2 26 35 34 10 5 12 36 33 32 8 19 20 44 47 40 16 50 43 42 18 25 22 46 41 48 24 17 15 45 38 14 23 21 39 49 
32 16 17 30 44 21 20 18 31 19 48 26 11 46 1 28 49 13 5 37 22 3 50 40 39 6 7 47 45 29 36 4 2 27 9 23 15 10 42 14 43 24 12 8 25 35 41 38 33 34 
46 37 3 7 32 17 48 12 41 6 18 28 14 27 43 5 30 33 40 31 8 38 2 42 11 34 20 21 39 22 4 44 1 19 9 45 16 36 49 35 15 26 25 23 50 29 13 10 24 47 
10 30 5 6 38 13 2 12 28 3 15 1 26 11 7 16 29 4 9 34 39 27 8 14 17 42 48 37 18 22 33 32 40 20 31 45 44 24 50 25 47 36 43 21 46 41 23 35 49 19 
38 32 31 33 36 34 40 37 39 35 48 43 41 47 50 45 49 44 42 46 17 14 20 18 11 15 19 16 12 13 30 8 10 3 7 6 5 9 1 2 4 21 29 26 24 23 22 28 27 25 
31 2 24 38 34 19 42 8 15 17 13 36 5 16 3 48 32 1 4 12 40 33 30 26 49 41 23 21 46 7 18 45 28 11 43 20 50 25 22 9 6 44 14 37 10 35 27 39 47 29 
16 17 35 47 27 37 18 9 3 19 6 32 4 14 34 50 1 29 15 36 30 22 12 33 21 44 10 31 38 43 40 46 49 8 48 45 7 24 23 39 13 2 5 20 25 26 28 41 42 11 
12 2 5 10 11 1 13 6 15 14 8 16 7 9 3 4 
46 7 22 5 11 39 40 48 26 50 44 4 24 18 29 41 34 1 13 47 45 14 3 43 37 9 12 20 6 36 38 10 42 35 8 49 16 21 33 27 23 25 30 32 31 15 19 28 2 17 
7 48 3 8 40 36 41 4 22 25 31 50 1 12 42 33 20 49 13 29 32 45 28 44 24 37 26 23 5 2 34 39 27 14 46 16 6 9 18 43 21 11 38 30 10 47 35 17 15 19 
20 49 19 30 9 6 10 29 8 17 34 33 31 1 14 44 40 5 11 26 7 47 24 25 32 50 3 12 36 37 2 18 23 21 35 43 27 39 46 42 45 38 48 41 16 15 22 28 4 13 
15 19 10 37 38 25 20 12 14 32 30 21 1 40 35 28 9 18 16 26 33 31 6 13 3 36 23 24 4 5 11 22 27 29 2 39 34 8 17 7 
1 12 21 47 45 31 13 16 14 7 49 25 19 39 6 17 36 2 11 44 3 46 41 8 28 38 18 35 37 34 10 22 40 9 42 23 4 30 50 33 24 48 15 29 43 32 26 27 5 20 
48 7 28 21 15 20 29 44 1 25 32 30 2 41 35 5 22 45 50 39 23 31 12 47 6 4 38 8 11 24 43 37 42 16 14 27 36 26 9 3 17 40 46 10 19 18 49 33 13 34 
49 38 13 14 15 37 39 12 40 20 21 22 23 24 25 26 27 28 29 30 31 44 50 1 2 3 4 48 42 9 10 11 41 45 6 7 8 43 47 5 46 32 19 33 35 16 17 18 34 36 
4 14 18 50 36 48 40 33 24 17 23 5 45 20 32 9 21 16 13 46 37 31 7 35 25 30 38 26 6 34 8 22 39 41 29 1 28 49 15 43 47 11 2 10 27 42 12 3 19 44 
26 6 28 1 42 44 18 7 16 47 45 9 5 27 21 19 36 39 31 20 10 11 38 22 15 41 8 49 23 37 40 13 46 12 50 4 17 24 30 14 34 33 29 3 35 32 48 2 25 43 
11 10 5 8 4 3 12 1 7 9 2 6 
44 40 48 35 6 2 30 1 32 47 18 29 8 3 17 21 4 20 36 9 28 16 43 14 25 11 5 24 46 19 34 50 7 15 41 42 49 45 12 37 13 38 33 31 26 27 22 10 39 23 
25 34 36 28 23 33 44 47 17 21 42 30 32 13 15 5 50 31 37 18 22 46 39 27 3 20 1 19 35 29 24 2 4 9 10 43 6 48 45 14 26 7 40 16 41 8 11 38 12 49 
21 11 22 43 50 17 5 26 4 35 15 48 44 19 1 23 36 30 16 38 40 9 39 8 20 46 25 2 37 32 27 45 42 13 49 34 3 10 7 28 14 29 12 24 47 18 41 31 33 6 
23 3 4 11 6 10 1 19 20 17 7 2 12 9 21 24 18 14 16 8 13 15 5 22 
36 44 9 24 11 34 21 22 1 46 3 12 14 31 19 18 40 4 10 15 26 39 41 6 29 35 7 23 25 28 45 5 47 20 37 48 42 16 38 17 8 30 27 32 2 13 43 33 
47 46 45 48 43 44 41 1 2 3 4 5 8 7 13 19 10 16 22 21 24 6 9 12 14 11 15 18 17 20 23 26 25 30 27 28 29 32 31 36 33 34 35 38 37 42 39 40 
44 50 9 20 21 22 7 8 10 41 13 24 25 49 31 48 16 30 32 47 18 46 33 29 14 1 36 4 12 3 39 19 17 26 23 34 42 6 35 40 45 37 28 38 2 11 5 27 15 43 
29 23 43 32 5 9 2 11 28 26 8 27 15 40 13 1 20 22 12 48 18 31 36 14 24 6 16 19 49 42 30 45 39 21 33 35 47 3 7 10 37 46 50 38 41 25 17 4 34 44 
1 2 3 4 5 6 7 8 9 10 11 12 13 14 15 16 17 18 19 20 21 22 23 24 25 26 27 28 29 30 31 32 33 34 35 36 37 38 39 40 41 42 43 44 45 46 47 48 49 50 
21 4 19 1 3 14 7 11 9 15 16 23 18 26 8 13 10 17 6 5 20 25 22 24 12 2 
21 12 6 38 36 33 7 24 1 50 27 43 17 5 14 37 34 29 18 4 20 49 41 46 22 9 3 28 40 48 15 25 13 45 30 32 23 19 8 44 42 26 2 11 10 39 47 35 16 31 
31 34 35 9 3 2 28 23 25 22 27 21 26 24 30 29 6 1 5 32 38 33 8 7 4 40 49 18 15 13 37 36 39 20 12 17 50 47 48 10 43 45 46 19 42 41 44 14 11 16 
7 34 32 17 12 3 24 35 41 28 1 19 11 21 48 49 46 40 37 18 2 23 42 16 15 22 36 5 14 4 27 13 31 6 47 38 10 30 26 29 44 33 43 9 45 8 50 25 39 20 
21 13 47 9 25 28 14 26 24 34 11 42 48 4 16 27 20 32 18 35 50 2 3 31 38 37 45 5 12 19 22 43 33 36 39 6 29 1 17 49 40 10 41 7 46 44 30 15 23 8 
50 4 35 6 8 42 12 26 13 33 44 40 25 39 11 23 49 28 3 1 17 10 41 5 20 48 18 45 2 14 30 21 38 15 31 34 36 47 16 27 7 9 32 29 37 46 22 19 24 43 
18 48 31 44 45 37 43 46 33 35 21 1 26 22 28 39 29 10 25 50 27 3 12 40 30 6 16 34 38 49 11 47 4 19 5 2 36 17 23 8 15 13 7 14 32 20 24 42 9 41 
41 5 25 12 15 42 27 31 9 20 38 23 18 30 2 19 11 44 7 28 26 50 13 29 4 48 14 43 40 8 45 24 6 17 33 47 10 34 16 39 22 21 36 49 1 35 32 37 3 46 
42 50 4 3 13 1 41 5 45 33 30 31 39 38 32 9 36 6 2 22 17 37 49 46 34 11 21 14 47 23 35 12 48 24 26 29 40 8 20 27 7 44 28 19 16 10 25 18 43 15 
48 27 11 34 21 17 15 31 9 23 45 41 1 12 3 46 14 36 8 13 28 20 38 37 10 43 19 22 30 16 44 29 32 25 42 47 2 39 6 24 35 26 18 50 4 49 5 33 40 7 
2 4 1 5 3 6 
5 30 24 17 22 14 18 29 12 15 28 3 8 26 4 19 1 25 10 21 11 27 16 9 2 7 23 13 6 20 
38 44 5 26 11 12 34 33 6 19 47 48 15 17 25 39 36 29 50 30 46 9 7 40 13 37 18 35 27 4 41 45 10 20 3 23 31 32 49 14 1 21 43 24 22 42 16 2 8 28 
25 6 7 19 13 16 37 27 39 46 40 49 34 43 4 5 48 1 10 15 32 50 41 22 14 38 9 18 11 12 20 45 42 31 24 36 29 44 3 28 35 23 26 21 2 8 17 30 33 47 
28 15 24 19 14 20 5 30 18 7 21 9 34 6 29 10 33 12 25 13 16 31 3 32 8 23 2 17 4 26 11 27 1 22 
3 5 2 8 1 11 9 6 7 12 10 4 
20 5 3 2 8 7 6 12 11 13 14 15 17 18 19 21 22 23 25 28 27 29 30 31 33 34 35 37 40 39 41 42 43 45 46 47 9 10 16 4 1 26 32 24 36 44 38 48 
49 48 47 46 45 44 43 42 41 40 39 38 37 36 35 34 33 32 31 30 29 28 27 26 25 24 23 22 21 20 19 18 17 16 15 14 13 12 11 10 9 8 7 6 5 4 3 2 1 50 
15 41 32 17 39 26 47 12 43 31 35 28 3 20 49 23 6 48 25 7 13 33 42 11 1 18 40 38 9 4 34 8 24 30 10 37 5 29 21 22 50 36 46 2 16 27 14 19 45 44 
11 18 6 12 20 19 17 3 4 9 2 10 15 13 8 5 7 14 1 16 
19 10 6 9 7 24 37 1 4 29 8 30 2 20 3 15 17 32 22 13 25 21 12 35 11 5 28 39 43 46 14 23 16 27 47 31 42 18 44 34 45 50 33 40 38 41 26 36 48 49 
23 1 31 5 33 17 14 24 22 47 7 9 13 15 26 36 44 12 30 50 32 10 6 25 34 48 40 39 8 29 4 28 41 21 11 38 45 18 35 2 20 49 43 16 3 46 37 19 42 27 
5 46 18 50 44 40 24 37 23 3 2 13 7 10 14 26 16 15 22 8 9 36 30 39 20 11 4 33 41 29 42 12 17 47 19 1 45 21 43 48 25 49 35 27 38 6 32 31 34 28 
5 3 44 4 22 9 11 6 19 27 34 36 16 12 10 25 15 24 47 31 23 21 2 46 39 8 42 7 45 38 50 29 1 28 48 13 49 33 30 32 40 20 14 17 35 26 41 43 18 37 
18 5 24 20 15 11 42 46 43 25 19 1 39 12 27 28 35 22 16 38 14 31 17 3 32 8 10 9 26 33 13 2 41 21 30 40 7 37 44 4 45 36 29 6 34 23 
18 9 13 26 6 15 42 20 32 4 31 25 29 38 10 11 40 2 28 17 24 19 41 1 22 7 27 30 5 14 36 33 8 23 34 21 37 35 16 3 39 12 
37 15 16 33 19 46 44 6 5 12 11 3 4 48 45 7 8 50 2 1 14 13 18 34 31 21 22 30 29 23 24 49 25 26 20 32 41 42 10 9 35 36 17 38 27 28 40 39 43 47 
6 36 14 50 29 42 44 7 10 49 46 48 13 3 32 8 20 4 37 21 41 2 22 40 27 18 34 31 43 30 19 28 25 47 23 33 38 16 1 5 35 17 24 26 9 15 45 39 12 11 
10 9 8 7 6 22 35 19 38 27 14 30 11 43 42 41 40 39 1 2 3 4 5 12 13 15 16 17 18 20 21 23 24 25 26 28 29 31 32 33 34 36 37 44 45 46 47 48 49 50 
33 8 36 26 35 9 15 44 46 11 20 22 19 23 32 40 29 39 42 37 10 16 50 17 12 45 13 30 38 25 14 48 21 47 43 28 41 27 49 31 7 6 5 4 3 2 1 18 34 24 
1 2 50 30 9 45 3 4 6 20 42 22 21 17 7 14 47 13 46 23 25 34 15 36 38 24 5 19 40 26 27 31 35 37 32 11 10 12 44 48 41 39 29 18 8 16 33 28 43 49 
29 19 38 16 24 22 47 10 3 1 17 44 23 11 13 6 5 15 41 34 18 26 30 12 45 31 33 7 32 48 8 40 50 42 2 9 4 37 25 39 43 14 20 27 49 46 28 36 21 35 
4 6 1 3 2 5 
12 47 33 22 37 14 29 27 36 2 10 30 7 21 11 32 6 50 44 46 15 42 20 43 3 35 1 23 31 48 28 34 45 8 9 13 5 18 41 4 16 19 26 38 25 49 24 17 40 39 
5 2 18 22 23 9 31 24 14 15 49 19 37 36 48 26 4 3 34 42 28 12 21 11 44 35 7 40 47 46 16 25 10 1 38 45 30 32 43 33 41 20 39 27 6 13 17 8 29 50 
1 46 8 3 33 13 36 45 2 34 25 20 21 7 43 35 30 15 37 6 32 48 42 24 29 17 19 27 16 50 5 26 39 23 22 14 31 47 9 41 11 44 10 40 49 38 12 4 18 28 
39 41 50 1 43 25 14 49 40 8 18 28 29 19 16 33 48 32 38 2 3 44 26 10 20 5 27 42 34 21 9 23 15 22 13 30 36 17 6 35 31 24 37 46 7 45 4 47 11 12 
44 6 18 9 30 50 33 26 15 32 8 1 34 5 39 20 43 23 2 7 40 27 36 11 19 35 22 49 29 24 47 41 12 37 13 21 45 14 17 48 10 16 38 28 4 46 3 31 42 25 
9 3 8 1 2 4 10 12 5 6 7 11 
10 4 6 11 1 2 33 12 14 18 3 5 43 16 17 37 7 8 49 21 22 15 9 13 23 24 28 48 19 20 38 29 30 25 26 27 36 31 34 40 32 41 35 39 44 42 46 47 45 50 
30 3 44 41 8 4 1 5 27 47 32 39 11 36 43 45 23 17 14 7 19 33 9 12 34 28 13 37 24 42 38 2 50 49 6 35 48 25 26 16 31 22 15 21 18 46 10 20 40 29 
11 1 3 26 30 35 9 4 12 42 28 27 5 13 6 36 46 32 21 18 20 31 29 38 8 2 10 37 43 47 17 25 15 34 48 45 22 16 14 49 44 50 7 19 24 39 41 33 23 40 
18 41 33 24 16 43 6 8 12 2 50 49 19 1 32 22 36 14 26 21 45 31 10 28 27 34 25 7 20 4 5 35 30 13 3 46 11 39 37 40 38 48 44 42 23 15 29 17 47 9 
15 6 31 47 27 22 39 17 4 30 29 50 32 13 21 5 1 28 40 7 11 10 25 33 12 24 23 26 46 20 48 43 36 37 3 18 8 14 38 44 19 42 34 35 2 49 41 45 9 16 
28 16 31 32 37 27 33 20 29 18 34 49 24 43 47 15 4 42 46 3 23 10 7 8 40 14 25 48 1 13 30 39 45 36 38 5 26 41 35 44 22 6 21 19 12 2 11 17 9 50 
42 18 50 3 21 19 33 36 25 23 7 15 6 22 40 41 39 37 4 17 9 20 27 34 16 2 28 29 10 35 12 26 13 46 8 30 11 14 47 5 49 31 45 24 48 38 32 44 1 43 
3 44 14 42 7 48 28 37 40 15 10 16 45 5 6 11 27 24 1 20 2 18 39 19 26 23 35 17 12 50 38 36 13 25 30 49 43 4 47 21 41 33 8 31 22 9 32 46 34 29 
9 5 3 8 12 2 4 11 10 6 7 14 1 13 
19 14 17 15 3 12 8 16 9 7 4 2 18 6 5 10 1 13 11 20 
11 10 9 3 1 5 7 12 4 6 14 16 2 15 8 13 
26 4 2 3 5 6 7 8 10 9 11 13 12 15 14 16 17 18 19 20 21 22 23 24 29 28 27 25 31 34 30 33 32 35 36 37 38 39 40 1 
47 32 23 41 19 39 11 42 34 33 26 15 17 29 2 28 13 14 35 12 4 7 50 27 22 45 37 40 20 21 6 48 25 3 24 9 38 31 30 46 44 8 16 49 36 43 1 5 10 18 
28 9 8 5 24 43 17 26 10 42 39 1 34 29 32 25 21 22 7 37 33 2 23 45 6 14 41 35 18 50 15 46 13 3 12 38 48 31 36 4 49 16 19 30 40 44 11 20 47 27 
1 2 3 4 5 6 7 8 9 10 11 38 37 36 35 22 27 46 45 44 43 30 31 32 33 34 19 18 17 16 15 14 12 13 39 40 41 42 20 21 48 47 26 25 24 23 29 28 
1 2 3 4 5 6 7 8 9 10 11 12 13 14 15 16 17 18 19 20 21 22 23 24 25 26 27 28 29 30 31 32 33 34 35 36 37 38 39 40 41 42 43 44 45 46 47 48 49 50 
38 33 1 29 28 27 26 22 23 24 25 4 2 3 5 6 7 37 9 10 11 12 13 14 15 16 17 18 19 21 20 30 50 45 43 42 46 44 39 8 34 35 36 41 40 31 32 49 47 48 
13 4 21 22 44 6 45 7 36 40 42 25 3 18 24 31 43 47 14 37 46 2 8 17 50 28 12 34 26 5 48 38 27 39 49 23 11 19 29 9 41 20 10 33 35 1 32 30 16 15 
10 18 41 38 40 28 30 23 29 8 11 12 13 4 44 21 45 3 22 33 15 35 17 26 6 7 32 20 14 43 5 2 34 9 19 42 25 37 39 47 46 48 16 1 24 36 27 31 
20 13 3 4 32 12 38 22 50 16 7 28 5 49 8 46 1 27 37 19 44 18 34 9 29 39 30 26 35 10 17 21 48 42 24 25 41 40 33 43 47 23 36 6 15 14 2 31 45 11 
22 15 46 20 21 8 50 49 18 5 4 41 45 35 47 31 26 30 13 2 27 14 36 48 29 23 24 40 6 37 19 33 25 34 38 17 44 43 39 3 7 1 42 28 9 10 12 32 11 16 
25 8 3 13 21 4 1 2 14 7 12 22 9 26 29 32 15 5 6 28 16 20 23 39 10 24 31 36 38 47 41 19 33 27 46 37 11 49 17 34 48 30 50 43 44 42 40 35 18 45 
4 15 23 19 6 24 36 20 9 10 26 37 28 38 25 22 11 8 41 12 16 32 50 21 17 30 7 33 47 18 3 27 39 42 14 44 5 35 29 46 2 31 40 45 49 34 48 43 1 13 
27 19 24 32 43 49 29 48 44 25 36 30 14 35 46 8 41 13 47 21 20 5 34 6 10 39 31 15 26 22 18 4 12 37 38 9 11 23 50 33 7 3 1 2 16 40 45 17 28 42 
5 3 6 4 2 1 
20 48 50 40 29 2 36 43 21 8 25 49 35 45 13 26 14 3 33 41 38 27 15 47 24 4 16 31 5 19 1 6 39 23 10 7 42 32 17 11 9 34 22 12 37 28 18 30 46 44 
5 3 2 10 12 11 6 8 4 7 1 9 
15 16 17 18 22 21 24 20 19 13 12 4 5 10 11 14 8 7 6 9 23 3 2 1 
47 10 2 27 7 36 15 14 24 38 3 33 31 16 22 9 13 46 39 40 5 12 50 35 37 43 8 45 41 28 29 42 48 4 21 44 11 30 19 25 49 32 1 34 20 6 23 26 18 17 
1 42 3 11 6 36 48 38 20 4 23 27 32 34 30 41 13 15 19 10 49 25 21 26 39 7 50 29 35 28 22 2 31 8 24 33 47 5 17 46 16 12 40 43 9 37 14 45 18 44 
40 26 9 48 11 49 44 17 43 3 15 18 13 25 28 31 33 1 10 38 5 35 4 21 14 45 37 47 36 32 41 27 42 46 39 12 34 6 20 8 50 23 2 22 29 19 24 16 7 30 
45 19 41 29 16 39 3 6 21 26 27 2 31 20 17 30 15 11 40 4 22 1 48 47 49 25 34 8 28 5 37 12 10 7 23 35 43 9 46 32 24 33 36 50 18 42 14 38 44 13 
3 2 1 5 4 8 7 6 27 46 43 30 35 22 19 14 13 9 10 39 40 36 37 31 32 28 29 25 26 38 11 12 16 15 34 33 18 17 21 20 24 23 42 41 45 44 48 47 
28 2 16 43 47 39 4 29 42 44 40 30 26 25 35 15 7 23 34 48 11 22 21 17 31 6 18 12 1 46 9 13 38 24 41 45 5 20 27 36 8 19 10 32 37 14 3 33 49 50 
20 25 10 46 43 9 39 2 29 21 12 8 41 24 40 17 5 50 23 22 18 28 38 27 7 11 33 37 14 4 31 26 13 42 19 34 45 36 16 44 15 1 48 35 6 47 49 32 3 30 
3 7 2 8 5 1 6 4 
27 10 22 45 3 13 36 33 30 14 44 7 23 1 2 15 38 11 28 16 25 4 18 12 8 21 34 9 39 50 42 41 35 5 46 6 24 37 40 49 29 20 26 32 31 19 17 47 48 43 
6 13 3 2 1 11 9 14 5 12 8 7 10 4 
29 38 32 10 40 50 23 3 1 47 22 37 43 42 48 44 41 34 13 36 20 17 6 33 5 12 7 16 18 8 2 46 4 35 45 26 14 27 9 19 21 11 39 24 28 30 15 31 25 49 
1 2 4 3 6 5 7 8 
9 8 7 10 11 12 16 17 18 15 14 13 4 5 6 3 2 1 45 44 43 46 47 48 19 20 21 24 23 22 30 29 28 25 26 27 31 32 33 36 35 34 41 40 37 38 39 42 
9 28 7 18 12 5 30 23 43 15 6 41 32 19 10 26 3 33 11 50 22 21 24 37 42 25 16 44 34 1 27 20 29 13 47 48 45 49 2 14 8 31 4 36 35 17 39 46 40 38 
12 14 1 19 13 8 6 26 15 24 23 3 4 17 9 16 11 10 20 18 21 7 25 22 5 2 
10 13 8 3 5 2 9 14 15 1 16 4 11 7 12 6 
18 17 21 20 24 23 22 27 46 6 38 19 14 30 35 43 42 41 45 44 48 1 5 4 8 7 2 3 11 10 9 13 12 16 15 26 25 29 28 32 31 34 33 37 36 40 39 47 
9 27 30 14 13 1 40 29 41 44 35 22 6 45 34 43 47 10 39 11 25 7 2 26 15 46 37 28 3 33 42 38 16 31 8 23 21 4 24 32 20 36 19 17 12 18 48 5 
13 10 14 48 26 50 21 25 20 43 17 3 4 35 24 1 27 45 22 30 34 9 11 23 28 39 47 7 49 29 19 18 41 44 40 2 15 38 33 8 31 32 46 5 6 12 42 36 37 16 
23 11 27 38 50 47 19 17 33 37 22 16 14 35 15 34 39 10 18 13 2 29 41 7 28 12 21 1 8 44 32 31 30 45 40 43 3 24 6 48 25 9 49 36 5 4 46 20 26 42 
45 43 46 48 50 49 1 3 6 8 7 5 29 36 38 47 28 20 13 21 44 42 41 40 39 37 12 10 9 11 14 16 15 33 35 26 25 27 30 32 31 4 2 18 17 19 22 24 23 34 
47 33 25 3 28 7 22 26 18 15 17 34 8 10 20 45 19 29 9 44 38 40 12 14 37 16 42 5 46 39 11 6 50 41 13 32 4 2 35 36 30 21 1 43 27 23 48 31 49 24 
28 19 30 49 26 29 38 42 11 27 34 37 24 18 12 41 45 3 25 14 6 22 5 10 1 36 7 44 31 43 40 23 47 21 20 32 15 9 16 33 4 50 39 13 2 48 17 8 46 35 
19 24 4 27 1 7 12 30 6 3 9 32 34 22 8 2 29 16 33 28 13 5 15 46 10 11 20 35 43 23 45 39 25 26 31 36 21 41 42 38 14 40 47 37 17 50 44 48 18 49 
5 9 1 3 6 8 7 4 2 10 
49 1 3 50 2 8 17 10 41 6 38 43 36 16 22 35 47 27 32 15 28 18 45 21 31 26 9 4 37 39 12 7 24 33 44 20 42 23 46 34 11 29 14 40 25 48 19 5 30 13 
21 20 1 2 3 4 5 6 7 8 9 10 11 12 13 14 15 16 17 18 19 24 23 22 
41 31 22 18 14 23 42 10 5 6 20 29 4 11 19 21 46 7 40 16 1 36 39 2 43 37 38 9 12 8 3 33 32 17 27 30 45 34 49 44 13 24 26 25 28 48 35 15 47 50 
25 8 5 37 6 9 19 44 24 28 30 12 40 48 15 41 7 43 11 14 26 3 4 13 38 31 34 42 16 17 32 18 45 20 36 23 10 22 1 27 21 35 39 33 46 47 29 2 
15 16 22 2 10 3 20 14 18 11 4 21 12 8 7 5 17 9 6 19 1 13 
41 47 17 6 32 9 10 13 45 48 12 40 8 5 31 29 22 1 25 24 18 34 44 11 16 14 15 38 26 27 39 43 4 42 30 20 3 2 50 33 19 46 21 37 49 35 7 36 28 23 
4 5 6 7 8 9 10 11 12 13 20 21 22 23 30 27 26 28 29 24 25 18 19 14 15 16 17 3 2 1 
48 13 22 6 36 3 30 32 23 9 11 38 8 10 21 35 27 18 40 29 39 41 46 34 14 7 31 28 49 17 25 50 37 12 24 1 19 44 42 2 45 20 47 33 43 4 5 26 15 16 
4 14 8 2 12 1 6 13 3 10 5 11 9 16 7 15 17 28 18 24 25 30 20 22 29 19 26 21 27 31 23 32 33 44 34 40 41 46 36 38 45 35 42 37 43 47 39 48 49 50 
38 4 28 44 21 22 23 5 39 13 20 10 24 14 34 27 29 42 47 33 25 41 1 19 11 50 8 18 17 26 30 36 49 31 2 32 43 16 12 9 40 46 6 15 37 35 45 7 3 48 
11 2 7 29 15 32 13 33 22 12 8 37 45 24 23 25 42 4 1 6 28 14 46 3 16 26 31 36 38 20 48 34 47 27 17 44 40 39 18 10 5 50 9 41 43 30 19 21 49 35 
15 14 8 9 10 11 12 7 6 5 29 25 26 27 28 19 20 21 22 23 24 32 33 34 30 31 13 40 39 38 4 3 2 1 16 17 18 37 36 35 
22 44 1 40 46 11 33 12 36 35 43 45 31 13 7 23 34 39 20 14 8 28 15 27 6 18 48 30 41 5 24 50 37 21 19 3 26 42 32 29 2 17 25 47 9 10 38 4 49 16 
12 35 9 42 38 13 43 21 27 2 46 20 23 1 3 30 16 14 28 41 26 18 36 33 40 39 49 48 29 24 8 15 31 5 34 17 11 19 7 4 22 50 32 6 25 47 37 44 45 10 
43 1 3 2 28 6 5 25 9 8 16 12 11 45 15 14 22 18 17 37 21 20 44 24 23 31 27 26 4 32 33 30 29 19 35 36 40 38 39 13 41 42 10 48 47 7 49 50 34 46 
3 2 1 5 4 8 7 6 19 14 13 9 10 15 16 12 11 22 21 17 18 20 24 23 
28 12 5 4 6 42 50 27 34 17 33 41 36 22 8 10 11 39 24 14 23 3 40 1 32 19 15 21 43 25 49 37 38 13 31 7 29 20 30 48 45 44 35 18 46 9 16 47 2 26 
47 22 18 14 30 27 1 12 35 33 4 20 29 23 28 13 24 44 9 16 34 7 31 2 41 45 42 25 39 15 17 5 6 32 46 37 48 43 10 38 3 11 50 36 40 26 19 21 49 8 
1 3 7 6 4 9 5 8 10 2 
1 2 17 39 48 31 14 21 13 38 29 33 9 16 22 32 34 36 11 23 5 43 44 35 24 3 7 45 47 41 6 10 8 37 46 50 20 18 4 28 49 27 15 12 25 40 42 30 19 26 
5 1 2 3 4 8 9 13 12 16 10 11 6 7 30 43 19 27 26 47 48 44 45 41 42 35 22 21 17 18 20 23 24 25 29 28 32 31 34 33 37 36 40 39 38 46 14 15 
41 42 43 11 12 13 14 15 16 17 18 19 20 21 22 23 24 25 26 27 28 29 30 31 32 33 34 35 3 2 1 45 46 10 9 8 40 39 38 6 5 4 36 37 44 7 48 47 
5 8 3 2 4 7 1 6 
32 30 36 14 17 44 19 28 24 21 18 13 12 10 22 16 27 8 5 43 23 45 34 48 39 37 35 26 31 7 11 33 1 29 9 4 41 49 3 25 42 38 2 20 46 40 50 15 6 47 
7 5 4 3 2 1 8 9 10 11 12 13 14 15 16 17 18 19 20 21 22 23 24 6 26 25 27 28 29 30 31 32 33 34 35 36 37 38 39 40 41 42 43 44 45 46 47 48 
3 39 26 7 42 5 15 43 47 6 25 35 48 17 45 30 2 18 50 41 36 46 34 12 32 1 4 13 23 40 31 37 33 20 21 16 49 8 24 38 19 44 28 27 29 14 22 11 9 10 
6 1 4 3 2 5 
45 21 42 24 44 27 23 28 20 15 1 12 4 8 9 13 35 40 30 29 7 5 33 36 10 17 46 3 26 32 41 11 6 34 18 14 31 2 16 38 39 37 43 19 22 25 
26 25 24 23 22 11 27 30 14 19 35 38 43 44 45 46 6 5 4 3 2 1 10 9 8 7 15 16 17 18 42 41 40 39 47 48 28 29 36 37 31 32 33 34 12 13 21 20 
39 34 9 7 17 48 49 12 23 2 37 26 15 10 45 35 8 29 36 5 50 24 44 16 19 33 31 1 11 42 14 13 20 27 6 28 38 18 40 25 47 41 3 46 4 21 30 43 32 22 
23 20 16 22 36 5 2 13 1 3 18 12 10 14 21 24 26 34 44 15 33 37 39 48 29 25 41 17 40 49 7 19 45 30 38 43 31 4 8 6 9 35 32 27 42 11 46 50 28 47 
38 12 11 37 46 42 48 50 5 22 39 19 25 14 8 4 3 2 47 16 1 18 15 24 26 33 41 45 6 28 49 36 32 31 23 10 44 43 34 20 7 21 40 30 9 35 27 17 13 29 
1 4 2 3 
20 22 8 9 2 5 10 4 1 7 3 6 11 13 14 24 25 23 18 16 19 26 17 21 15 12 
30 15 47 23 2 18 8 48 49 25 1 31 40 4 5 39 29 17 43 38 20 14 34 6 9 7 27 21 12 42 36 28 35 24 26 10 19 32 46 3 11 16 37 45 50 13 22 44 41 33 
43 17 2 18 20 30 23 44 37 22 1 14 38 48 19 21 9 47 41 33 28 25 34 39 46 31 8 12 26 35 24 4 49 32 5 10 45 7 11 15 40 6 42 16 27 3 50 13 29 36 
28 2 43 6 13 42 11 46 1 37 14 22 50 16 20 25 33 12 30 32 3 19 21 49 18 44 40 29 5 36 15 31 38 24 48 27 4 8 23 34 7 10 39 45 35 9 47 41 17 26 
11 26 1 24 13 16 39 28 15 46 23 8 45 25 21 6 32 44 30 3 22 5 35 14 9 18 19 12 48 42 50 27 49 17 34 47 10 4 2 38 36 37 33 40 31 29 41 7 43 20 
45 47 17 21 29 18 19 36 28 37 4 7 26 41 6 13 48 44 9 16 34 20 11 22 8 46 23 15 30 27 1 33 32 40 43 42 14 24 10 5 35 50 38 3 25 39 12 31 2 49 
24 20 25 32 7 23 4 27 1 21 2 30 29 50 22 47 35 36 10 12 9 28 13 48 43 44 6 18 3 46 33 38 15 17 40 37 49 14 45 31 39 16 8 11 42 34 41 19 5 26 
18 17 21 20 24 23 22 35 11 46 19 27 14 38 30 43 42 41 45 44 48 1 5 4 8 7 6 3 2 10 9 13 12 16 15 47 25 29 28 32 31 34 33 37 36 40 39 26 
23 10 5 25 2 15 6 12 21 22 18 20 14 13 17 4 1 7 24 26 9 19 11 8 16 3 
1 2 3 5 6 7 4 8 11 9 10 13 14 15 12 16 19 17 18 21 22 23 20 24 27 25 26 29 30 31 28 32 35 33 34 37 38 39 36 40 43 41 42 45 46 47 44 48 
18 11 4 10 15 12 1 7 6 14 17 16 3 9 2 13 5 8 
8 1 45 11 47 17 29 7 15 46 27 5 9 32 30 35 16 23 19 28 37 31 14 49 22 24 12 42 26 18 44 33 34 4 25 43 21 13 36 38 40 6 39 10 50 48 2 41 20 3 
9 26 18 47 3 28 39 41 24 25 17 37 44 31 36 38 10 5 6 8 48 46 50 34 45 30 33 7 16 35 27 19 1 32 15 29 23 43 20 21 14 49 22 12 13 4 2 42 11 40 
8 7 6 42 41 40 10 9 39 38 37 11 12 13 35 36 1 2 3 45 46 47 4 5 43 44 14 15 16 34 33 32 17 18 19 29 30 31 20 21 22 28 27 26 23 25 24 48 
39 37 34 5 27 20 47 29 42 23 15 6 14 21 26 9 7 10 3 35 16 2 17 18 36 28 31 1 49 8 19 40 11 30 48 22 25 12 32 13 44 33 43 4 38 50 41 45 24 46 
23 6 7 21 34 20 30 44 12 2 27 16 10 24 22 11 13 33 35 49 19 9 18 42 32 37 8 47 25 26 29 28 39 40 15 3 36 46 31 38 41 50 1 45 43 17 14 4 48 5 
3 5 1 6 2 4 
19 20 13 11 14 35 16 33 32 5 31 49 48 12 26 27 41 18 28 43 6 47 39 3 10 42 38 44 23 7 40 34 8 50 29 4 24 30 36 17 37 9 22 25 1 15 45 2 21 46 
8 5 7 1 6 3 2 4 
1 2 3 4 5 6 7 8 9 10 11 12 13 14 15 16 17 18 19 20 21 22 23 24 25 26 27 28 29 30 31 32 33 34 35 36 37 38 39 40 41 42 43 44 45 46 48 49 47 50 
22 10 26 17 2 21 12 6 4 33 13 7 30 19 3 28 34 8 15 11 20 35 16 32 18 1 9 36 29 27 31 14 25 5 23 24 
19 42 9 28 21 39 47 23 10 35 30 14 20 45 7 38 13 16 17 11 12 5 46 29 36 31 27 18 43 22 1 33 24 25 4 34 44 41 48 37 3 32 8 6 40 26 15 2 
29 48 47 35 10 39 50 43 46 14 37 8 1 7 40 49 34 36 25 26 3 19 38 15 24 23 33 6 41 18 21 16 45 12 13 9 11 42 20 27 17 30 5 22 32 31 28 44 2 4 
7 8 9 10 11 12 6 5 4 18 17 16 3 2 1 13 14 15 
40 9 1 3 4 6 2 5 10 8 12 15 14 11 17 22 13 7 18 26 23 20 16 24 21 19 29 28 27 37 31 30 32 33 44 36 39 38 35 34 45 46 42 41 47 43 48 50 49 25 
19 10 6 9 7 24 37 1 4 29 8 30 2 20 3 15 17 32 22 13 25 21 12 35 11 5 28 39 43 46 14 23 16 27 47 31 42 18 44 34 45 50 33 40 38 41 26 36 48 49 
36 5 6 24 29 12 33 10 32 13 50 7 19 39 3 8 25 42 22 4 48 31 43 14 44 26 20 35 21 11 17 37 23 46 49 1 28 45 34 2 38 47 40 15 30 9 16 27 41 18 
13 6 46 37 14 3 12 11 21 5 9 17 7 19 10 44 24 36 42 35 29 40 1 33 4 28 20 18 39 38 2 31 34 43 41 16 32 8 25 15 27 22 26 30 23 45 
40 11 10 18 33 23 2 31 41 9 21 19 39 3 5 34 32 44 14 36 28 8 17 20 6 45 29 37 16 42 35 4 22 13 30 46 7 1 26 38 24 27 43 25 15 12 
6 33 28 25 18 14 44 20 3 9 26 7 1 35 15 4 5 36 37 2 48 47 43 40 21 13 16 22 24 19 31 41 50 8 12 17 38 49 46 42 39 30 11 32 34 27 10 23 45 29 
19 6 7 1 13 40 22 50 38 36 47 37 27 16 20 18 10 5 24 39 43 23 8 32 26 14 11 30 34 49 48 45 31 46 12 2 4 15 25 28 9 21 17 35 29 44 42 41 33 3 
12 21 22 18 20 14 13 17 4 1 7 24 26 9 19 11 8 3 16 15 6 23 10 2 25 5 
14 3 27 8 6 4 9 12 5 2 17 22 23 10 21 15 13 19 7 26 11 28 20 29 18 25 30 24 1 16 
20 21 19 30 29 39 28 38 37 3 2 12 10 11 1 26 13 15 14 24 23 33 22 32 31 42 40 17 7 9 8 18 16 27 25 36 34 44 43 41 4 6 5 35 
21 7 33 38 30 11 50 22 26 3 31 18 46 16 19 8 36 45 13 49 48 23 41 24 20 6 34 1 35 12 32 2 9 15 4 28 43 40 5 17 25 14 42 10 37 39 47 27 29 44 
26 38 36 7 18 21 25 43 16 19 17 37 14 10 15 6 11 4 31 35 20 44 29 5 42 41 27 39 1 8 48 34 28 46 3 33 13 23 12 32 22 9 40 30 45 2 47 50 49 24 
42 24 28 4 6 49 12 5 11 22 47 43 27 45 29 7 20 14 1 15 25 10 18 34 17 39 40 48 32 19 9 3 21 35 13 16 50 33 30 41 2 36 46 37 8 44 23 38 31 26 
8 34 24 1 25 46 6 5 40 35 50 28 15 13 47 21 36 44 45 42 12 10 29 26 4 2 22 39 31 27 11 30 16 9 41 18 7 33 38 14 23 48 49 19 43 3 20 32 37 17 
33 9 8 7 2 1 3 23 5 6 11 10 38 39 19 18 17 16 15 14 13 12 47 27 28 29 30 31 32 25 24 4 22 21 20 49 34 35 36 37 46 45 44 43 42 41 40 50 26 48 
47 2 8 24 10 18 22 15 21 38 13 30 36 32 20 14 49 19 5 50 27 3 43 41 37 44 1 29 26 4 16 42 17 45 31 6 48 7 39 11 46 9 34 12 35 33 28 23 25 40 
27 9 15 33 40 10 41 28 5 37 42 34 17 23 7 1 16 29 24 13 35 20 32 36 14 46 31 25 26 3 30 43 19 47 12 22 6 39 2 38 8 11 18 21 45 48 4 44 
8 7 6 2 3 4 5 25 29 17 13 33 40 42 43 44 24 28 27 26 39 38 34 35 36 37 48 47 46 45 41 21 1 32 31 30 15 14 10 9 16 12 11 20 19 18 22 23 
